344 0.0451622746903 0.0587157013355 0.059371918071 0.0599362740464 0.060051130502 
345 0.0427252624799 0.0497389372927 0.0508782654357 0.0551960368788 0.0553749038249 
346 0 0.0405097117226 0.0475060789421 0.0490419184791 0.0526315789474 
347 0.0458533612192 0.0461081050716 0.0487957485214 0.0495458476655 0.05 
340 0 0 0 0 0 
341 0 0 0 0 0 
342 0.0452105889482 0.0506714114148 0.0530206638349 0.0543274675018 0.055018925297 
343 0.0339843132678 0.0435212883316 0.0443642747917 0.0491664332596 0.049481991066 
810 0 0 0 0 0 
811 0 0 0 0 0 
812 0 0 0 0 0 
813 0 0 0 0 0 
348 0 0 0 0 0 
349 0 0 0 0 0 
816 0 0 0 0 0 
817 0 0 0 0 0 
737 0 0 0 0 0 
719 0 0 0 0 0 
718 0 0 0 0 0 
717 0 0 0 0.0510176093847 0.0580812012986 
716 0 0 0 0 0.0363948636996 
715 0 0 0 0 0 
714 0 0 0 0 0 
713 0 0 0 0 0 
712 0 0 0 0 0 
711 0 0.0357379300226 0.0490419184791 0.0492290535372 0.0498038127502 
710 0.0757199703766 0.0856378606374 0.089695015344 0.0900941083006 0.0913252486843 
421 0 0 0 0 0 
129 0 0 0 0 0 
420 0 0 0 0 0 
423 0 0 0 0 0 
422 0 0 0.0601666639992 0.0622412352802 0.0752547048496 
425 0.0460568111617 0.0477328396556 0.0480209887796 0.0483145106036 0.0487347928841 
619 0 0 0 0 0.0592609875155 
424 0 0 0 0 0 
427 0 0 0 0 0 
298 0 0 0 0 0.0563913997515 
299 0.0346539052314 0.0554650047264 0.0566786846996 0.0581854944683 0.0583958127282 
296 0.0486740689913 0.0521759942997 0.0522510888635 0.0563913997515 0.058608476281 
297 0.0486135753685 0.05 0.0541587144624 0.0566786846996 0.0568727151525 
294 0 0.0496099564499 0.0511581253382 0.0555555555556 0.0649878377181 
295 0 0 0 0 0 
292 0 0 0 0 0.0481377434187 
293 0.0329013637467 0.0369843916286 0.0373848736845 0.0377428313836 0.0378269267553 
290 0 0 0 0 0 
291 0 0 0 0 0 
591 0 0 0 0 0 
590 0 0 0 0 0 
593 0.0470076461773 0.050947791937 0.0560151927433 0.0565824259947 0.0577717223785 
592 0.033012411939 0.0338029557058 0.0369581540436 0.038402504874 0.0385804380464 
595 0 0 0 0 0 
594 0 0 0 0 0 
597 0 0 0 0 0 
596 0 0 0 0 0 
195 0.0771708503035 0.0812103031416 0.0863333805789 0.0885298108665 0.089695015344 
194 0 0 0 0 0 
197 0 0 0 0.0498038127502 0.0568727151525 
196 0 0 0 0 0 
191 0 0 0 0 0 
190 0 0 0 0 0 
193 0 0 0.0585018486024 0.0588235294118 0.0597085657815 
192 0 0 0 0 0 
270 0.0392864966856 0.0441376235635 0.0492290535372 0.0522510888635 0.05341867459 
271 0.0364199043071 0.046791180646 0.0471720144391 0.050265291089 0.0507400771744 
272 0 0 0 0 0 
273 0 0 0 0 0 
274 0 0 0 0.0697269156165 0.0697269156165 
275 0 0 0 0 0 
276 0.0278441547621 0.0352058389495 0.0355268259796 0.04 0.0407544386833 
277 0 0 0 0 0.0710393931213 
278 0 0 0 0 0 
279 0.0281489110019 0.0357142857143 0.0372499189905 0.040303466077 0.0417044603153 
569 0 0 0.0684862527649 0.0824026725663 0.0827093156263 
497 0.0368019073927 0.0501321098366 0.0503322880679 0.051586873326 0.0519526734666 
524 0.0304621155392 0.045114117424 0.0459039668001 0.046791180646 0.0473381480136 
525 0 0 0.0881517021961 0.0885298108665 0.0900941083006 
526 0 0 0 0 0.0750253510327 
527 0 0 0 0 0 
520 0 0 0 0 0 
521 0 0.0532583772528 0.0549310187596 0.0573668279746 0.058608476281 
522 0 0 0 0 0 
523 0 0 0 0 0 
528 0 0 0 0 0 
529 0 0 0 0 0 
449 0 0 0 0 0.0530995410099 
448 0 0 0 0 0 
443 0 0 0 0 0 
442 0 0 0 0.0532583772528 0.058931966231 
441 0 0 0 0 0 
440 0 0 0 0 0 
447 0.0613607662694 0.0618591741839 0.0637066904963 0.0637066904963 0.0638452256945 
446 0 0 0 0 0 
445 0 0.0385804380464 0.042971833235 0.0430133511362 0.0448756563137 
444 0 0 0 0 0 
108 0 0 0 0 0 
109 0 0 0 0 0 
102 0.0415165277467 0.0454545454545 0.0465248246585 0.0473381480136 0.0480209887796 
103 0 0 0 0 0 
100 0 0 0 0 0 
101 0 0 0 0 0 
106 0 0 0 0 0 
107 0 0 0 0 0 
104 0.0570687928009 0.0587157013355 0.058931966231 0.0621130787249 0.0645520418478 
105 0 0 0 0 0 
902 0 0 0 0 0 
903 0 0 0 0 0.049481991066 
39 0 0 0 0 0 
38 0 0 0 0 0 
906 0 0 0 0 0 
907 0.0410037200129 0.0448756563137 0.0471170304318 0.047619047619 0.0496099564499 
904 0 0 0 0 0 
905 0 0 0 0 0 
33 0 0 0 0 0 
32 0 0 0 0 0 
31 0 0 0 0 0 
30 0 0 0 0 0 
37 0 0 0 0 0 
36 0 0 0 0 0 
35 0 0 0 0 0 
34 0 0 0 0 0 
641 0 0 0 0 0 
640 0 0 0 0 0 
643 0 0 0 0 0 
642 0.0302030958408 0.0389747216011 0.0392864966856 0.0393497667756 0.0421271976779 
645 0 0 0 0 0 
644 0 0 0 0 0 
438 0 0 0 0 0 
439 0 0 0 0 0 
436 0 0 0 0 0 
437 0 0.0364449973249 0.0456028593512 0.0457025586617 0.0482553683591 
434 0 0 0 0 0 
435 0.0313927415784 0.0367502694521 0.0412943745957 0.0417423584914 0.0439144631228 
432 0 0 0 0 0 
433 0 0 0 0 0 
430 0 0.0771708503035 0.0866877613896 0.0885298108665 0.092610094433 
431 0 0 0 0 0 
826 0 0 0 0 0 
339 0.031489008464 0.045405433201 0.0480792579878 0.0480792579878 0.0511581253382 
338 0 0 0 0 0 
335 0 0 0 0 0 
334 0.036074023046 0.0484334615698 0.0487347928841 0.0489183609953 0.0490419184791 
337 0 0 0 0 0 
336 0 0 0 0 0 
331 0 0 0 0 0 
330 0 0 0 0 0 
333 0 0 0 0 0 
332 0 0 0.0395736772092 0.044734409899 0.0473381480136 
559 0 0 0 0 0 
745 0 0 0 0 0 
854 0.0508090278513 0.0520267889979 0.0527086979988 0.0543274675018 0.0544978385763 
818 0 0 0 0 0 
856 0 0 0 0 0 
857 0 0 0 0 0 
850 0 0 0 0 0 
851 0.0488569373914 0.0530206638349 0.0557380221892 0.0601666639992 0.0614842134589 
852 0 0 0 0 0 
819 0 0 0 0 0 
858 0 0 0 0 0 
859 0 0 0 0 0 
748 0 0 0.0527861633798 0.0637066904963 0.0690095997969 
6 0.0426440244943 0.0544124491594 0.0558299457028 0.0590410175909 0.0592609875155 
848 0 0 0 0 0 
99 0 0.0542428903438 0.055018925297 0.0558299457028 0.0577717223785 
98 0 0 0 0 0 
91 0 0 0 0 0 
90 0.0294511650752 0.042010613684 0.0425230444632 0.0429304371161 0.0448284232951 
93 0 0 0 0 0 
92 0.0315212969157 0.0436511530276 0.044548171219 0.0445945093573 0.0447813414267 
95 0 0 0 0 0 
94 0.0265433345549 0.0381402211431 0.0394133477469 0.041442073057 0.0426845846454 
97 0 0 0 0 0 
96 0 0 0 0 0 
814 0 0 0 0 0 
815 0 0 0 0 0 
153 0 0 0 0 0 
740 0 0 0 0 0 
741 0 0 0 0 0 
742 0 0 0 0 0 
743 0 0 0 0 0 
744 0 0 0 0 0 
558 0 0 0 0 0 
746 0 0 0 0 0 
747 0.0326106870858 0.0443186608898 0.0456526260559 0.0460056908003 0.046845011984 
555 0 0 0 0.0747981373477 0.0817997772826 
554 0 0 0.0601666639992 0.0639846893818 0.0683144956594 
557 0 0 0 0 0 
556 0 0 0 0 0 
551 0.0294248804093 0.0343770860538 0.0351157338569 0.0364199043071 0.0373037230092 
550 0 0 0 0 0 
553 0 0 0 0 0 
552 0 0 0 0 0.0792458958106 
238 0 0 0 0 0 
239 0 0 0 0 0.0347839711977 
234 0.0311559250631 0.0385506084166 0.0388521010699 0.0390364747937 0.0396059817819 
235 0 0 0 0 0 
236 0.0597085657815 0.0607547261922 0.0607547261922 0.0607547261922 0.0623702061261 
237 0 0 0 0 0 
230 0 0 0 0 0 
231 0 0 0 0 0 
232 0 0.0601666639992 0.0736930260508 0.0752547048496 0.0789770651088 
233 0 0 0.0464721060207 0.0598220879898 0.0605173945678 
1 0.0335071121585 0.0461595735206 0.0471170304318 0.0472271945858 0.0472825720484 
155 0 0 0 0 0 
146 0 0 0 0 0 
147 0 0 0 0 0 
618 0 0 0 0 0 
145 0.0385804380464 0.0395736772092 0.0417423584914 0.043392593165 0.0453076918865 
142 0 0 0 0 0 
143 0 0 0 0 0 
140 0 0 0 0 0 
141 0 0 0 0 0.0553749038249 
612 0 0 0 0 0 
613 0 0 0 0 0 
610 0 0 0.0761942168012 0.0769230769231 0.077421101332 
611 0 0 0 0 0 
616 0 0 0 0 0 
617 0 0 0 0 0 
148 0 0 0 0 0 
149 0 0 0 0 0 
154 0 0 0 0.0704676644987 0.0900941083006 
942 0 0 0 0 0 
943 0 0 0 0 0 
940 0.0614842134589 0.0619857278527 0.0712331645586 0.072024840768 0.0734779760311 
941 0 0 0 0 0 
689 0 0 0 0 0 
688 0 0 0 0 0 
685 0 0 0 0 0 
684 0 0 0 0 0 
687 0 0 0 0 0 
686 0 0 0 0 0 
681 0 0 0 0 0 
680 0 0 0 0 0 
683 0 0 0 0 0 
682 0.0319672574885 0.0393180930298 0.0394133477469 0.0415539080779 0.0417044603153 
458 0.0440927151145 0.0539085627843 0.0565824259947 0.0587157013355 0.0597085657815 
459 0 0 0.0574672368166 0.0658872343938 0.068144055544 
133 0 0 0 0 0 
132 0 0 0 0 0 
131 0 0 0 0 0 
130 0.0321545125819 0.0342100357123 0.0350709431011 0.0377428313836 0.0377428313836 
137 0 0 0 0 0 
136 0 0 0 0 0 
135 0 0 0 0 0 
134 0 0 0 0 0 
494 0 0 0 0.0836508500009 0.0852965376734 
495 0 0 0 0 0 
139 0 0 0 0 0 
138 0 0 0 0 0 
490 0 0 0 0 0.0671481457784 
491 0 0 0 0 0 
492 0 0 0 0 0 
493 0 0.0506714114148 0.0529421436364 0.0530995410099 0.0532583772528 
24 0 0.0690095997969 0.072024840768 0.0726366995976 0.0754862329793 
25 0 0 0 0 0 
26 0 0.0676404695878 0.0712331645586 0.0712331645586 0.0724309722384 
27 0 0 0 0 0 
20 0 0 0 0 0 
21 0 0 0 0 0 
22 0 0 0 0 0 
23 0 0 0 0 0.0417423584914 
28 0 0 0.0625 0.0678070589621 0.0679749155123 
29 0 0 0 0 0 
407 0.0415165277467 0.049481991066 0.0508090278513 0.0555555555556 0.0563913997515 
406 0 0 0 0 0 
405 0 0 0 0 0 
404 0 0 0 0 0 
403 0 0 0 0 0 
402 0 0 0 0 0 
401 0.0472825720484 0.0508782654357 0.051586873326 0.0528639777099 0.0539085627843 
400 0 0 0 0 0 
933 0 0 0 0 0 
932 0 0 0 0 0 
931 0 0 0.0806337538837 0.0893013497785 0.0909090909091 
930 0 0 0.0722270279187 0.0736930260508 0.0757199703766 
937 0 0 0 0 0 
452 0.0399667088523 0.0460568111617 0.0483145106036 0.0506714114148 0.0532583772528 
409 0 0 0.0389439561818 0.0580812012986 0.0602828812732 
408 0 0 0 0 0 
453 0 0 0.0528639777099 0.0570687928009 0.0617334093634 
414 0 0 0 0 0 
183 0 0 0 0 0 
415 0 0 0 0 0 
379 0.0376870824418 0.0462112175072 0.0515146527797 0.051586873326 0.0542428903438 
378 0.0323977205905 0.0440927151145 0.0443186608898 0.0464195690835 0.0486740689913 
228 0 0 0 0 0 
829 0 0 0 0 0.0803501780174 
828 0 0 0 0 0 
371 0 0 0 0 0 
370 0 0 0 0 0 
373 0 0.0336836698 0.0444559333193 0.04784746517 0.0498689471913 
372 0 0 0 0 0 
375 0 0 0 0 0 
820 0 0 0 0 0 
377 0 0 0 0 0 
376 0 0 0 0 0.114338418516 
708 0 0 0 0 0.0549310187596 
709 0 0 0 0 0 
704 0 0 0 0 0.0678070589621 
705 0 0 0 0 0 
706 0 0 0 0 0 
707 0 0.0441826716334 0.0510176093847 0.0525548036337 0.0559223345639 
700 0 0 0 0 0 
144 0.0461595735206 0.0534993782466 0.0540749366706 0.0548435403365 0.0578743204398 
702 0 0 0 0 0 
703 0 0 0 0 0 
393 0.0317006960285 0.0394772421678 0.0423633511979 0.043392593165 0.0447813414267 
392 0 0.0621130787249 0.0673110285893 0.070656665337 0.0710393931213 
88 0 0 0 0 0 
89 0 0 0 0 0 
397 0.059371918071 0.0732648467967 0.0754862329793 0.0776738720503 0.0779292055122 
396 0 0 0 0 0 
395 0 0 0.0761942168012 0.0761942168012 0.077421101332 
394 0 0 0 0 0 
82 0 0.051732247104 0.0609949335523 0.0618591741839 0.0623702061261 
83 0 0.0465248246585 0.0530206638349 0.055018925297 0.0569704958141 
80 0 0 0 0 0 
81 0 0 0 0 0 
86 0 0 0 0 0 
87 0 0 0 0 0 
84 0 0 0.0776738720503 0.0787110287553 0.0795175706977 
85 0.0345466374679 0.0529421436364 0.0530206638349 0.0538259604911 0.0541587144624 
797 0 0 0 0 0 
796 0.0317832712227 0.0367502694521 0.0391608790229 0.040371859305 0.0404061885863 
795 0 0 0 0 0 
794 0 0 0 0 0 
793 0 0 0 0 0 
792 0 0 0 0 0 
791 0 0 0 0 0 
790 0 0.0422841861442 0.0474499002485 0.0479050936912 0.050603028602 
799 0 0 0 0 0 
798 0 0.0440479455622 0.0527861633798 0.0529421436364 0.0553749038249 
7 0.0245555156196 0.0327550472106 0.0362457104825 0.0385506084166 0.0387306460032 
170 0 0 0 0 0 
586 0 0 0 0 0 
587 0 0 0 0 0 
584 0 0 0 0 0 
585 0 0 0 0 0 
582 0 0 0 0.0697269156165 0.0722270279187 
583 0 0 0 0 0 
580 0 0 0 0 0 
581 0 0 0 0 0 
588 0.0365712550428 0.0425632549671 0.0430967546975 0.0449705790702 0.0464721060207 
589 0 0 0 0 0 
245 0 0 0 0 0 
244 0 0 0.0362952217254 0.0465777260537 0.0486135753685 
247 0 0 0 0 0 
246 0 0 0 0 0 
241 0 0 0 0 0 
614 0 0 0 0 0 
243 0 0 0 0 0 
242 0 0 0 0 0 
615 0 0 0 0 0 
249 0 0.0422447721199 0.053580455732 0.0537437438889 0.0545836390491 
248 0 0 0 0 0 
418 0 0 0 0 0 
419 0 0 0 0 0 
519 0 0 0 0 0 
518 0 0 0 0 0 
511 0 0 0 0 0 
510 0 0 0 0 0 
513 0 0 0 0 0 
512 0 0 0 0 0 
515 0 0 0 0 0 
514 0.0428480078387 0.0499343423558 0.0522510888635 0.0554650047264 0.0562966236223 
517 0 0 0 0 0 
516 0 0 0 0 0 
623 0 0 0 0 0.0800696587258 
622 0 0 0 0 0 
621 0 0 0.0477328396556 0.0523265146063 0.0529421436364 
620 0 0 0 0 0.0573668279746 
627 0 0.0383437458726 0.050947791937 0.0525548036337 0.0529421436364 
626 0 0 0 0 0 
625 0.0612380757126 0.0684862527649 0.0736930260508 0.0747981373477 0.0750253510327 
624 0 0.047393923678 0.0532583772528 0.0722270279187 0.0761942168012 
450 0.0245025621684 0.0361964038296 0.0364701429372 0.0365205926857 0.0370634452723 
451 0 0 0 0 0 
629 0.0551960368788 0.0591506893674 0.0597085657815 0.0612380757126 0.0614842134589 
628 0 0 0 0 0 
454 0.0440927151145 0.0448284232951 0.045114117424 0.045405433201 0.0457025586617 
455 0.0457526580982 0.0527086979988 0.0601666639992 0.0609949335523 0.0638452256945 
456 0 0 0.040337618596 0.0544978385763 0.054669853912 
457 0 0 0 0 0 
179 0 0 0 0 0 
178 0.0415165277467 0.0420493658297 0.045405433201 0.0475060789421 0.0477900475888 
177 0.0565824259947 0.0658872343938 0.0695454391026 0.070656665337 0.0710393931213 
199 0 0 0 0 0 
175 0 0 0 0 0 
174 0.0427252624799 0.0442278600536 0.0459039668001 0.0477900475888 0.0496743190951 
173 0 0 0 0 0 
172 0 0 0 0 0 
171 0 0 0 0 0 
198 0 0.047619047619 0.053580455732 0.055018925297 0.0558299457028 
182 0 0 0 0 0 
657 0 0 0 0 0 
180 0 0 0 0 0 
656 0 0 0 0 0 
599 0 0 0 0 0 
654 0.0496743190951 0.05341867459 0.0555555555556 0.0598220879898 0.0601666639992 
181 0.033012411939 0.0376039262754 0.0392235349379 0.0394452556145 0.0395736772092 
186 0 0 0 0 0 
187 0 0 0 0 0 
184 0 0.0370106858913 0.0521759942997 0.0565824259947 0.0576696790916 
185 0 0 0 0 0 
652 0 0 0 0 0 
188 0 0 0 0 0.0583958127282 
189 0 0 0 0 0 
658 0 0 0 0 0 
653 0.038402504874 0.0387306460032 0.0387609015232 0.0388826462108 0.0405097117226 
650 0.038610337958 0.0428480078387 0.0431806526656 0.0457025586617 0.0486135753685 
651 0 0 0 0 0 
11 0.0422841861442 0.0565824259947 0.0568727151525 0.0612380757126 0.061608425159 
10 0.0401340131107 0.0564866657859 0.0564866657859 0.0602828812732 0.060399789154 
13 0.0244125829608 0.0341893272066 0.0342100357123 0.0343350914188 0.0343770860538 
12 0 0 0 0 0 
15 0 0 0.0579774783623 0.0591506893674 0.061608425159 
14 0 0 0.0527086979988 0.061608425159 0.0663515090328 
17 0 0 0 0 0 
16 0.0439144631228 0.0443186608898 0.0492290535372 0.0510176093847 0.0542428903438 
19 0 0 0 0 0 
18 0 0 0 0 0 
863 0 0 0 0 0 
862 0 0 0 0 0 
865 0 0 0 0 0 
864 0 0.0357379300226 0.0384319872102 0.0421271976779 0.0433074374422 
867 0 0.0511581253382 0.0607547261922 0.0625 0.0668259796071 
866 0 0 0 0 0 
354 0 0.0343560692587 0.0513711332724 0.0528639777099 0.0552852491087 
659 0 0.0419719700404 0.05341867459 0.0553749038249 0.0560151927433 
883 0 0.0305059436711 0.0459039668001 0.0479629344562 0.0498689471913 
882 0 0 0 0 0 
881 0 0.0373037230092 0.0458533612192 0.0482553683591 0.0488569373914 
880 0.0361964038296 0.0422447721199 0.044273189559 0.0443186608898 0.0452590610579 
887 0 0 0 0 0 
886 0 0 0 0 0 
885 0 0 0 0 0 
884 0 0 0 0 0 
889 0.033565652292 0.0475060789421 0.049291917849 0.0493550277953 0.0523265146063 
888 0 0 0 0 0 
116 0.0652834365847 0.0661956362609 0.0673110285893 0.0673110285893 0.0704676644987 
355 0 0 0 0 0 
322 0 0 0 0 0 
323 0 0.0712331645586 0.0764347998179 0.0779292055122 0.0812103031416 
320 0 0 0 0 0 
321 0 0 0 0 0 
326 0 0 0 0 0 
327 0.0380539957986 0.0446409946587 0.0459547430047 0.0462630380379 0.0483145106036 
324 0 0 0 0 0 
325 0 0 0 0 0 
328 0.0373307137296 0.0464721060207 0.050065921897 0.0508782654357 0.0519526734666 
329 0.0874102454529 0.089695015344 0.092175602102 0.092175602102 0.0973366881823 
562 0 0 0 0 0 
201 0.0327550472106 0.0377149256067 0.0379968403162 0.0394772421678 0.0425632549671 
200 0.0368537664087 0.0384615384615 0.0447813414267 0.0448284232951 0.0474499002485 
203 0 0 0 0 0 
202 0 0 0 0 0 
205 0 0 0 0 0 
204 0 0 0 0 0 
207 0.0464721060207 0.0512288280042 0.0513711332724 0.0531787778948 0.054669853912 
206 0 0 0 0 0 
209 0 0 0 0 0 
208 0 0 0 0 0 
779 0 0 0 0 0 
778 0 0 0 0 0 
77 0 0 0 0 0 
76 0 0 0 0 0 
75 0 0 0 0 0 
74 0 0 0 0 0 
73 0.0609949335523 0.0781871458156 0.0817997772826 0.0833333333333 0.0836508500009 
72 0 0 0 0 0 
71 0 0 0 0 0 
70 0 0 0 0 0.0597085657815 
655 0.028851647844 0.0317171590171 0.0343350914188 0.0364701429372 0.0373307137296 
567 0 0 0 0 0 
79 0 0.0557380221892 0.0797921408687 0.0830195125387 0.089695015344 
78 0 0 0 0 0 
359 0 0 0 0 0 
358 0 0 0 0 0 
669 0 0.0637066904963 0.0669864677574 0.0686593440779 0.0690095997969 
668 0 0 0 0 0 
667 0 0 0 0 0 
666 0.0362457104825 0.0543274675018 0.0557380221892 0.0566786846996 0.0578743204398 
665 0 0.060635704539 0.0630275852151 0.0638452256945 0.0671481457784 
664 0 0.0404061885863 0.0602828812732 0.0623702061261 0.0627620924463 
663 0.0507400771744 0.0590410175909 0.0619857278527 0.0625 0.0627620924463 
662 0 0 0 0 0 
661 0 0 0 0 0.0492290535372 
660 0 0 0.0383144686741 0.0414049977674 0.0417423584914 
215 0 0.0562023331806 0.0671481457784 0.0690095997969 0.0759559527932 
692 0 0 0 0 0 
693 0 0.051732247104 0.0536619099631 0.0539915538168 0.0552852491087 
690 0 0 0 0 0 
691 0 0 0 0 0 
696 0 0 0 0 0 
697 0 0 0 0.0452590610579 0.050603028602 
694 0 0 0 0 0 
695 0 0 0 0 0 
698 0 0 0 0 0.0482553683591 
699 0.0465777260537 0.0669864677574 0.0679749155123 0.0688337871344 0.0704676644987 
542 0 0 0 0.0542428903438 0.0634323643329 
543 0 0 0 0 0 
540 0.0732648467967 0.0771708503035 0.0863333805789 0.0900941083006 0.0944138796332 
541 0 0 0 0 0 
546 0 0 0 0 0 
547 0 0 0 0 0 
544 0 0 0 0 0 
545 0 0 0 0 0 
8 0 0 0 0 0 
548 0.04784746517 0.0527086979988 0.0536619099631 0.0549310187596 0.0553749038249 
549 0 0 0 0 0 
598 0 0 0 0 0 
869 0 0 0 0 0 
868 0 0 0 0 0 
120 0 0 0 0 0 
121 0 0 0 0 0.0690095997969 
122 0 0 0 0 0 
123 0 0 0.0809204429031 0.0917473704805 0.092610094433 
124 0 0 0 0 0 
125 0 0.0472825720484 0.0479629344562 0.0488569373914 0.0501321098366 
126 0 0 0 0 0 
127 0 0 0 0 0 
128 0 0.0470076461773 0.0521759942997 0.0542428903438 0.0562023331806 
2 0 0 0 0.0654327923994 0.0870466833184 
219 0 0 0 0 0 
176 0 0 0 0 0 
214 0.0503322880679 0.0679749155123 0.0700942809224 0.0708472342024 0.072024840768 
563 0 0 0 0 0 
928 0 0 0 0 0 
929 0 0 0 0 0 
416 0.027833058567 0.0317171590171 0.0330870790063 0.0336245039108 0.0341893272066 
417 0.0337829856697 0.0420882269893 0.0453564823074 0.0461081050716 0.0463672127991 
410 0 0 0 0 0 
411 0 0 0 0 0 
412 0 0 0 0 0 
413 0 0.0779292055122 0.0852965376734 0.0930510036682 0.0968299889894 
920 0 0 0 0 0 
498 0 0.0480209887796 0.0571676107102 0.0588235294118 0.0595957009599 
922 0 0 0 0 0 
923 0 0 0 0 0 
924 0.0728442364059 0.0776738720503 0.0803501780174 0.0815033942031 0.0863333805789 
925 0 0 0 0 0 
926 0 0 0 0 0 
927 0 0 0 0 0 
319 0 0 0 0 0 
318 0.0475624609863 0.0497389372927 0.0521759942997 0.053580455732 0.0570687928009 
313 0 0 0 0 0.0371963500913 
312 0 0 0 0 0 
311 0 0.029333440782 0.0391921689071 0.0412211235171 0.0444559333193 
310 0 0 0 0 0 
317 0 0 0 0 0 
316 0 0 0 0 0 
315 0 0 0.0579774783623 0.0732648467967 0.0757199703766 
314 0 0 0 0.040303466077 0.0454545454545 
921 0 0 0.0608744667533 0.0652834365847 0.0683144956594 
496 0 0 0 0 0 
832 0 0 0 0 0 
833 0.0343560692587 0.039638366688 0.0415539080779 0.0438702420205 0.0441826716334 
830 0 0 0 0 0 
831 0 0.0792458958106 0.0817997772826 0.0817997772826 0.0827093156263 
836 0 0 0 0 0 
837 0 0 0 0 0 
834 0 0 0.0708472342024 0.0728442364059 0.0904987562112 
835 0 0.0611161340244 0.0634323643329 0.0638452256945 0.0642664444482 
838 0 0.068144055544 0.0686593440779 0.0690095997969 0.0708472342024 
839 0 0 0 0 0 
3 0 0 0 0 0 
368 0 0 0 0 0 
369 0 0 0 0 0 
366 0 0 0 0 0 
367 0 0 0 0 0 
364 0 0 0 0 0 
365 0 0 0 0 0 
362 0 0 0 0 0 
363 0.0350040810332 0.0373037230092 0.0400668361281 0.040371859305 0.0413311489935 
360 0 0.0665085145287 0.0726366995976 0.0764347998179 0.0764347998179 
361 0 0 0 0 0.0446409946587 
218 0 0 0 0 0 
380 0 0 0 0.0453076918865 0.0554650047264 
861 0 0 0 0 0 
382 0 0 0 0 0 
383 0 0 0 0 0 
384 0 0 0 0 0 
385 0 0 0 0 0 
386 0 0 0 0 0 
387 0.029799472325 0.0389747216011 0.042806973497 0.045114117424 0.0456526260559 
388 0 0 0 0 0 
389 0 0 0.0372499189905 0.0527861633798 0.0531787778948 
784 0 0 0 0 0 
785 0 0 0 0 0 
786 0 0 0 0 0 
787 0 0 0 0 0 
780 0 0 0 0 0 
781 0 0 0 0 0.0866877613896 
782 0 0 0 0 0 
381 0 0.0484334615698 0.0627620924463 0.069365407067 0.0697269156165 
788 0.0388521010699 0.0496099564499 0.0538259604911 0.0539085627843 0.0549310187596 
789 0 0 0 0 0 
860 0 0 0 0 0 
151 0 0.0300900991547 0.0420882269893 0.0437822051845 0.0441376235635 
579 0.0645520418478 0.0776738720503 0.0830195125387 0.0863333805789 0.0870466833184 
578 0 0 0 0 0 
150 0 0 0 0 0 
573 0 0 0 0 0 
572 0 0 0 0 0 
571 0 0 0 0 0 
570 0 0 0 0 0 
577 0 0 0 0 0 
576 0 0 0 0 0 
575 0 0 0 0 0 
574 0 0 0 0 0 
60 0 0 0 0 0 
61 0 0 0 0 0 
62 0.042010613684 0.0464721060207 0.0505349267842 0.0512288280042 0.0527086979988 
259 0 0.0948821334908 0.0978517197297 0.0983753179507 0.0989077265749 
64 0.0397687163837 0.0511581253382 0.051878879527 0.0544978385763 0.0570687928009 
65 0 0 0 0 0 
66 0 0 0 0 0 
67 0 0 0 0 0 
68 0 0 0 0 0 
69 0 0 0 0 0.0674751313741 
250 0.059483487152 0.0622412352802 0.0652834365847 0.0666666666667 0.068144055544 
251 0 0.0644087573635 0.0797921408687 0.0836508500009 0.0859834447566 
256 0 0 0 0 0.0388216287684 
257 0 0 0.0655832022217 0.0820995152218 0.0889129881342 
254 0 0 0.051878879527 0.0551072634795 0.0582903631592 
255 0 0 0 0 0 
499 0 0 0.0572669541969 0.0661956362609 0.0700942809224 
157 0 0 0 0 0 
156 0 0 0 0 0 
939 0 0 0 0 0 
731 0 0 0 0 0 
730 0 0 0 0 0 
733 0 0 0 0.050265291089 0.0630275852151 
938 0 0 0 0.0617334093634 0.0637066904963 
735 0 0 0 0.0806337538837 0.089695015344 
734 0 0 0 0 0 
508 0 0 0 0 0 
736 0 0 0 0 0 
506 0 0.0331811374631 0.0433074374422 0.0447813414267 0.0463150361276 
738 0 0 0 0 0 
504 0.0379683602475 0.0472271945858 0.0477328396556 0.0497389372927 0.053580455732 
505 0 0 0.0560151927433 0.058608476281 0.058931966231 
502 0 0 0 0 0 
503 0 0 0 0 0 
500 0.0404061885863 0.0483145106036 0.0539085627843 0.0544124491594 0.0557380221892 
501 0 0 0 0 0 
630 0 0 0 0.0595957009599 0.0649878377181 
631 0 0 0 0 0 
632 0 0 0 0 0 
633 0 0 0 0 0.0839721365647 
469 0 0 0 0 0 
468 0 0 0 0 0 
636 0 0 0 0 0 
637 0 0.0551960368788 0.0557380221892 0.060399789154 0.0611161340244 
465 0 0 0 0 0.0710393931213 
464 0 0 0 0 0 
467 0 0 0 0 0 
466 0 0.0591506893674 0.0673110285893 0.0708472342024 0.0739100261932 
461 0 0 0 0 0 
900 0 0 0 0 0 
463 0.0490419184791 0.0561085242598 0.0627620924463 0.0669864677574 0.0669864677574 
462 0 0 0 0 0 
901 0 0 0 0 0 
168 0 0 0 0 0 
169 0 0 0 0 0 
164 0 0 0 0 0 
165 0 0 0 0 0 
166 0 0 0 0 0 
167 0 0 0 0 0 
160 0 0 0 0 0.0590410175909 
161 0 0 0 0 0 
162 0 0 0 0 0 
163 0 0 0 0 0 
783 0 0 0 0 0 
936 0 0 0 0.0376039262754 0.0528639777099 
935 0 0 0 0 0 
934 0 0 0 0 0 
908 0 0 0 0 0 
909 0 0 0 0 0 
722 0 0 0 0 0 
426 0 0 0 0 0 
878 0 0 0 0 0 
879 0 0 0 0 0 
876 0 0 0 0 0 
877 0 0 0 0.0503995584221 0.0754862329793 
874 0 0 0 0 0 
875 0 0 0 0.049291917849 0.0734779760311 
872 0 0 0 0 0 
873 0 0 0 0 0 
870 0.0351606987607 0.0501985656258 0.0528639777099 0.0530206638349 0.0539915538168 
871 0.0645520418478 0.0699098562253 0.0714285714286 0.0726366995976 0.0732648467967 
9 0 0 0 0 0 
890 0 0 0 0 0.0510176093847 
891 0 0 0 0 0 
892 0 0 0 0 0.0359770181506 
893 0 0 0 0 0.0812103031416 
894 0.0430549914217 0.044548171219 0.058931966231 0.0626306257717 0.0630275852151 
647 0 0 0 0 0 
896 0.035183246873 0.0393815182412 0.04 0.0410037200129 0.0417423584914 
897 0 0 0 0 0 
898 0 0 0 0 0 
899 0 0 0 0 0 
646 0 0 0 0 0 
649 0 0 0 0 0 
648 0 0 0.0362457104825 0.0394133477469 0.0407544386833 
357 0 0 0 0 0 
356 0 0 0 0 0 
809 0 0 0 0 0 
808 0 0 0 0 0 
353 0 0 0 0 0 
352 0 0 0 0 0 
351 0 0 0 0 0 
350 0 0 0 0 0 
803 0 0 0 0 0 
802 0 0 0 0 0 
801 0 0 0 0 0 
800 0 0 0 0 0 
807 0 0.0381114134092 0.0440927151145 0.0506714114148 0.0524783694931 
806 0.0515146527797 0.0583958127282 0.0598220879898 0.0623702061261 0.0641250920723 
805 0.033012411939 0.0416666666667 0.0421271976779 0.0422054697195 0.0446409946587 
804 0 0 0.033012411939 0.0388826462108 0.042971833235 
216 0 0 0 0 0 
217 0 0 0 0 0 
768 0 0 0.0752547048496 0.0769230769231 0.0815033942031 
769 0 0 0 0 0 
212 0 0 0 0 0 
213 0 0 0.0513711332724 0.0531787778948 0.0579774783623 
210 0 0 0 0 0.0481964464219 
211 0 0 0 0 0 
762 0 0 0 0 0 
763 0 0 0 0 0 
760 0 0 0 0 0 
761 0 0 0 0 0 
766 0 0 0 0 0 
767 0 0 0 0 0 
764 0 0 0 0 0 
765 0 0 0 0 0 
289 0 0 0 0 0 
288 0 0 0.0710393931213 0.0716256371067 0.0789770651088 
4 0 0 0 0 0 
281 0 0 0 0 0 
280 0.0352511555706 0.0448284232951 0.0449705790702 0.0462630380379 0.0473381480136 
283 0 0 0 0 0 
282 0 0 0 0 0 
285 0 0 0 0 0.0963313967776 
284 0 0 0 0 0 
287 0 0 0 0.0638452256945 0.0739100261932 
286 0.0360254214273 0.0384911588982 0.0427252624799 0.0439144631228 0.0461595735206 
678 0 0 0 0 0 
679 0 0.0809204429031 0.0846263260896 0.0856378606374 0.0863333805789 
674 0 0 0 0 0 
675 0 0 0 0 0 
676 0 0 0.0700942809224 0.0757199703766 0.0789770651088 
677 0 0 0 0 0 
670 0 0 0 0 0 
671 0 0 0 0 0 
672 0 0 0 0 0 
673 0 0 0 0 0 
263 0.049291917849 0.0595957009599 0.0598220879898 0.0601666639992 0.0617334093634 
262 0 0.0527086979988 0.0573668279746 0.0582903631592 0.0614842134589 
261 0 0 0 0 0 
260 0 0 0 0 0 
267 0 0 0 0 0 
266 0 0 0 0 0 
265 0 0 0 0 0 
264 0 0 0 0.0414792495621 0.0532583772528 
269 0 0 0 0 0 
268 0.0341480240894 0.0400333756386 0.0449705790702 0.0457025586617 0.0459547430047 
59 0.0250562808438 0.0354342096995 0.0372767915019 0.0376039262754 0.0383730911839 
58 0 0 0 0.0411846459402 0.0526315789474 
55 0 0 0 0 0 
54 0 0 0 0 0.0619857278527 
57 0 0 0 0 0 
56 0 0 0 0 0 
51 0 0 0 0 0 
258 0 0 0 0 0 
53 0 0 0 0 0 
52 0 0 0 0 0 
537 0.0307579662431 0.0343560692587 0.0371430145956 0.0372767915019 0.0374665632129 
536 0 0 0 0 0 
535 0 0.0381114134092 0.050467104029 0.0524783694931 0.0526315789474 
63 0 0.0565824259947 0.0761942168012 0.0769230769231 0.077421101332 
533 0.0415165277467 0.0462630380379 0.0469532436258 0.0486135753685 0.0489800208483 
532 0.0364199043071 0.0373307137296 0.0409678241708 0.04189500623 0.042010613684 
531 0 0 0 0 0 
530 0 0 0 0 0 
152 0 0 0 0 0.0475624609863 
539 0 0 0 0 0 
538 0 0 0 0 0 
775 0 0 0 0 0 
774 0 0 0 0.0324153068688 0.0327550472106 
777 0 0 0 0 0 
50 0 0 0 0 0 
115 0 0 0 0 0 
252 0 0 0 0 0 
117 0 0.0626306257717 0.0668259796071 0.0683144956594 0.0690095997969 
776 0 0 0 0 0 
111 0 0 0 0 0 
110 0 0 0 0 0 
113 0 0 0 0 0.0625 
253 0 0 0.058931966231 0.0597085657815 0.0611161340244 
771 0 0.0639846893818 0.0663515090328 0.0686593440779 0.0702802100881 
119 0.0456526260559 0.0491040554306 0.05 0.0518054048435 0.0520267889979 
118 0 0 0 0 0 
770 0 0 0 0 0 
773 0.0396059817819 0.0521759942997 0.0526315789474 0.0560151927433 0.0587157013355 
772 0 0 0 0 0 
429 0.0322928072771 0.042806973497 0.0440927151145 0.0450182704579 0.0453564823074 
428 0 0 0 0 0 
534 0 0 0 0 0 
919 0.0464195690835 0.0470076461773 0.0552852491087 0.0555555555556 0.059483487152 
918 0 0 0 0 0 
915 0 0 0 0 0 
914 0 0 0 0 0 
917 0 0 0 0 0 
916 0 0 0 0.0319672574885 0.0445945093573 
911 0 0 0 0 0 
910 0 0 0 0.0771708503035 0.0797921408687 
913 0.0526315789474 0.0588235294118 0.0590410175909 0.0608744667533 0.0625 
912 0 0 0 0 0 
308 0.0278663874054 0.0398015080269 0.0424429691838 0.0435212883316 0.0445019794643 
309 0 0 0 0 0 
855 0 0 0 0 0 
300 0 0 0 0 0 
301 0.0390364747937 0.0399003786004 0.041442073057 0.0449705790702 0.045553257625 
302 0 0 0 0 0 
303 0.0300900991547 0.0361718267827 0.0365205926857 0.0372499189905 0.0387912290159 
304 0 0 0 0 0 
305 0 0.0365205926857 0.0496743190951 0.0506714114148 0.0508782654357 
306 0 0 0 0 0 
307 0 0 0 0.0498038127502 0.0622412352802 
895 0 0 0 0 0 
825 0 0.0418184703717 0.0513711332724 0.0530995410099 0.0539085627843 
824 0 0 0 0 0 
827 0 0 0 0 0 
847 0 0 0 0 0 
846 0 0 0.0236048162339 0.0380826717121 0.0382561175594 
845 0 0 0 0 0 
844 0 0 0 0 0 
843 0 0.0388216287684 0.0420882269893 0.0427252624799 0.0439144631228 
842 0 0 0 0 0 
841 0 0 0 0 0 
840 0 0 0 0 0 
821 0 0 0 0 0 
853 0 0 0 0 0 
849 0 0 0 0 0 
374 0 0 0 0 0 
823 0 0 0 0.03870046217 0.044548171219 
822 0 0 0 0 0 
240 0 0 0 0 0 
390 0 0 0 0 0 
732 0 0 0 0 0 
753 0 0 0 0 0 
752 0 0 0 0 0 
751 0 0.0473381480136 0.0538259604911 0.0598220879898 0.0598220879898 
750 0 0 0 0 0 
757 0.0481377434187 0.0581854944683 0.058931966231 0.0597085657815 0.0622412352802 
756 0 0 0 0 0 
755 0 0 0 0 0 
754 0 0 0 0 0 
560 0.0741290064309 0.0766777401305 0.0769230769231 0.0771708503035 0.0784477381348 
561 0.0311871878984 0.0364199043071 0.0371164338425 0.0395414526366 0.0396708322629 
759 0 0 0 0 0 
758 0.0332760119723 0.0389439561818 0.0392235349379 0.0417044603153 0.0425632549671 
564 0 0 0 0 0 
565 0 0 0 0 0 
566 0 0 0 0 0.0436947042432 
701 0 0 0 0 0 
739 0 0 0 0 0 
229 0 0 0 0 0 
507 0 0 0 0 0 
227 0 0 0 0 0.0639846893818 
226 0 0 0 0 0 
225 0 0 0 0 0 
224 0 0 0 0 0.060399789154 
223 0 0 0 0.0626306257717 0.0631616300191 
222 0.0348495624651 0.0392864966856 0.0407192021278 0.0408963183955 0.0410757997424 
221 0.0531787778948 0.0613607662694 0.0619857278527 0.0627620924463 0.0646963091096 
220 0 0 0 0 0 
114 0 0 0 0 0 
391 0.053580455732 0.0644087573635 0.0695454391026 0.0704676644987 0.0718243854417 
726 0 0 0 0 0 
727 0 0 0 0.0365966664193 0.0438261562722 
724 0 0 0 0 0 
725 0 0 0 0 0 
568 0 0 0 0 0 
723 0 0 0 0 0 
720 0 0 0 0 0 
721 0.0512998299381 0.0516594040199 0.0538259604911 0.0562023331806 0.0565824259947 
728 0 0 0 0 0 
729 0 0 0 0 0 
605 0 0 0.0730536096278 0.074573030366 0.0752547048496 
604 0 0 0 0 0 
607 0 0 0 0 0 
606 0.0374392731278 0.0428480078387 0.0443642747917 0.0449230412982 0.0457025586617 
601 0 0 0 0 0 
600 0 0 0 0 0 
603 0 0 0 0 0 
602 0 0 0 0 0 
159 0 0 0 0 0 
158 0 0 0 0.040371859305 0.0538259604911 
112 0 0 0 0 0 
609 0 0 0 0 0 
608 0.0463672127991 0.0498689471913 0.0537437438889 0.0558299457028 0.0560151927433 
634 0.0485533105542 0.0574672368166 0.0658872343938 0.0691868002615 0.0722270279187 
399 0.0356671392729 0.0397360067705 0.0428891621819 0.0430967546975 0.0437822051845 
635 0 0 0 0 0 
749 0 0 0.0369581540436 0.0430133511362 0.0453564823074 
398 0 0 0 0 0 
48 0 0 0 0 0 
49 0.0391921689071 0.04 0.0410037200129 0.0433074374422 0.043349951627 
46 0 0 0 0 0 
47 0 0 0 0 0 
44 0 0.0507400771744 0.054669853912 0.0563913997515 0.0602828812732 
45 0 0 0 0 0 
42 0 0 0 0 0 
43 0.0444100320159 0.0461081050716 0.0472825720484 0.0479629344562 0.0489183609953 
40 0 0 0 0 0 
41 0 0 0 0 0 
638 0 0 0 0 0 
5 0 0 0 0 0 
639 0 0 0 0 0.0448756563137 
460 0 0 0 0.0611161340244 0.0849593879502 
489 0 0 0 0 0 
488 0.0525548036337 0.0571676107102 0.058608476281 0.0590410175909 0.0599362740464 
487 0.0371696532746 0.0437822051845 0.0444100320159 0.0453564823074 0.0468990326041 
486 0.0402694013679 0.0572669541969 0.0617334093634 0.0621130787249 0.0623702061261 
485 0 0 0 0 0 
484 0 0 0.0440927151145 0.0477328396556 0.0523265146063 
483 0 0 0 0 0 
482 0 0 0 0 0 
481 0 0 0 0 0 
480 0 0 0 0 0 
509 0 0 0 0 0 
472 0 0.0299506388181 0.0324153068688 0.0373037230092 0.0373848736845 
473 0 0 0 0 0 
470 0 0 0 0 0 
471 0 0 0 0 0 
476 0 0 0 0 0 
477 0 0 0 0 0 
474 0.0290642028493 0.0398673387868 0.0430549914217 0.0431806526656 0.0433074374422 
475 0 0 0 0 0 
478 0 0 0.0588235294118 0.0637066904963 0.0641250920723 
479 0.0442278600536 0.0515146527797 0.0525548036337 0.0539085627843 0.0552852491087 
